Testcase_Number Left_Coin_Pile Right_Coin_Pile Computation_Time Number_of_Coins
1 16,2 18 0 3
2 0 0 0 3
3 0 0 0 3
4 0 0 0 3
5 0 0 0 3
6 0 0 0 3
7 0 0 0 3
8 0 0 0 3
9 0 0 0 3
10 0 0 0 3
11 0 0 0 3
12 0 0 0 3
13 0 0 0 3
14 0 0 0 3
15 0 0 0 3
16 0 0 0 3
17 0 0 0 3
18 0 0 0 3
19 0 0 0 3
20 0 0 0 3
21 0 0 0 3
22 0 0 0 3
23 0 0 0 3
24 0 0 0 3
25 0 0 0 3
26 14,10 24 0 3
27 0 0 0 3
28 20 9,11 0 3
29 0 0 0 3
30 0 0 0 3
31 0 0 0 3
32 0 0 0 3
33 0 0 0 3
34 0 0 0 3
35 25 3,22 0 3
36 0 0 0 3
37 0 0 0 3
38 0 0 0 3
39 0 0 0 3
40 0 0 0 3
41 0 0 0 3
42 0 0 0 3
43 0 0 0 3
44 25 7,18 0 3
45 0 0 0 3
46 0 0 0 3
47 0 0 0 3
48 12 8,4 0 3
49 0 0 0 3
50 0 0 0 3
51 0 0 0 3
52 0 0 0 3
53 0 0 0 3
54 0 0 0 3
55 0 0 0 3
56 0 0 0 3
57 0 0 0 3
58 0 0 0 3
59 0 0 0 3
60 0 0 0 3
61 0 0 0 3
62 0 0 0 3
63 0 0 0 3
64 0 0 0 3
65 0 0 0 3
66 0 0 0 3
67 0 0 0 3
68 0 0 0 3
69 0 0 0 3
70 0 0 0 3
71 0 0 0 3
72 0 0 0 3
73 9,14 23 0 3
74 0 0 0 3
75 0 0 0 3
76 0 0 0 3
77 0 0 0 3
78 0 0 0 3
79 0 0 0 3
80 0 0 0 3
81 0 0 0 3
82 0 0 0 3
83 0 0 0 3
84 0 0 0 3
85 0 0 0 3
86 0 0 0 3
87 0 0 0 3
88 0 0 0 3
89 16,7 23 0 3
90 0 0 0 3
91 0 0 0 3
92 0 0 0 3
93 0 0 0 3
94 0 0 0 3
95 0 0 0 3
96 0 0 0 3
97 0 0 0 3
98 0 0 0 3
99 0 0 0 3
100 0 0 0 3
101 0 0 0 4
102 0 0 0 4
103 0 0 0 4
104 0 0 0 4
105 0 0 0 4
106 0 0 0 4
107 0 0 0 4
108 0 0 0 4
109 0 0 0 4
110 0 0 0 4
111 0 0 0 4
112 22,8 18,12 0 4
113 0 0 0 4
114 0 0 0 4
115 0 0 0 4
116 0 0 0 4
117 0 0 0 4
118 0 0 0 4
119 0 0 0 4
120 0 0 0 4
121 0 0 0 4
122 0 0 0 4
123 0 0 0 4
124 0 0 0 4
125 17,8 13,12 0 4
126 0 0 0 4
127 0 0 0 4
128 0 0 0 4
129 15,14 20,9 0 4
130 0 0 0 4
131 0 0 0 4
132 0 0 0 4
133 0 0 0 4
134 0 0 0 4
135 0 0 0 4
136 0 0 0 4
137 13,8 3,18 0 4
138 0 0 0 4
139 0 0 0 4
140 0 0 1366900 4
141 0 0 0 4
142 0 0 0 4
143 0 0 0 4
144 0 0 0 4
145 0 0 0 4
146 0 0 0 4
147 0 0 0 4
148 0 0 0 4
149 0 0 0 4
150 0 0 0 4
151 20,18 23,15 0 4
152 0 0 0 4
153 16,12 22,6 0 4
154 0 0 0 4
155 0 0 0 4
156 12,6 12,6 0 4
157 0 0 0 4
158 0 0 0 4
159 17,11 3,25 0 4
160 0 0 0 4
161 0 0 0 4
162 0 0 0 4
163 0 0 0 4
164 0 0 0 4
165 0 0 0 4
166 0 0 0 4
167 0 0 0 4
168 0 0 0 4
169 0 0 0 4
170 0 0 0 4
171 0 0 0 4
172 0 0 0 4
173 0 0 0 4
174 0 0 0 4
175 0 0 0 4
176 0 0 0 4
177 0 0 0 4
178 0 0 0 4
179 0 0 0 4
180 17,19 15,21 0 4
181 0 0 0 4
182 0 0 0 4
183 0 0 0 4
184 0 0 0 4
185 3,24 13,14 0 4
186 0 0 0 4
187 3,5 4,4 0 4
188 0 0 0 4
189 0 0 0 4
190 0 0 0 4
191 0 0 0 4
192 0 0 0 4
193 13,23 15,21 0 4
194 0 0 0 4
195 0 0 0 4
196 0 0 0 4
197 0 0 0 4
198 0 0 0 4
199 0 0 0 4
200 0 0 0 4
201 11,15 7,14,5 0 5
202 0 0 0 5
203 16,11 10,14,3 0 5
204 0 0 0 5
205 0 0 0 5
206 0 0 0 5
207 0 0 0 5
208 0 0 0 5
209 0 0 0 5
210 0 0 0 5
211 20,17 19,7,11 0 5
212 0 0 0 5
213 0 0 0 5
214 0 0 0 5
215 0 0 0 5
216 0 0 0 5
217 0 0 0 5
218 0 0 0 5
219 0 0 0 5
220 0 0 0 5
221 0 0 0 5
222 0 0 0 5
223 0 0 0 5
224 0 0 0 5
225 0 0 0 5
226 6,5,15 23,3 0 5
227 0 0 0 5
228 0 0 0 5
229 0 0 0 5
230 0 0 0 5
231 0 0 0 5
232 0 0 0 5
233 5,5,24 20,14 0 5
234 0 0 0 5
235 0 0 0 5
236 0 0 0 5
237 0 0 0 5
238 0 0 0 5
239 0 0 0 5
240 0 0 0 5
241 0 0 0 5
242 0 0 0 5
243 15,9,23 22,25 0 5
244 0 0 0 5
245 0 0 0 5
246 18,4,10 24,8 0 5
247 0 0 0 5
248 2,11,3 10,6 0 5
249 0 0 0 5
250 0 0 0 5
251 0 0 0 5
252 0 0 0 5
253 0 0 0 5
254 0 0 0 5
255 13,4,10 4,23 0 5
256 14,21,14 25,24 0 5
257 0 0 0 5
258 0 0 0 5
259 0 0 0 5
260 0 0 0 5
261 0 0 0 5
262 0 0 0 5
263 24,16 6,9,25 0 5
264 0 0 0 5
265 0 0 0 5
266 0 0 0 5
267 0 0 0 5
268 0 0 0 5
269 0 0 0 5
270 0 0 0 5
271 0 0 0 5
272 22,18 12,16,12 0 5
273 10,24 11,19,4 0 5
274 0 0 0 5
275 0 0 0 5
276 0 0 0 5
277 0 0 0 5
278 10,7,19 24,12 0 5
279 0 0 0 5
280 0 0 0 5
281 0 0 0 5
282 0 0 0 5
283 0 0 0 5
284 0 0 0 5
285 19,12,5 13,23 0 5
286 15,12,12 23,16 0 5
287 0 0 0 5
288 0 0 0 5
289 0 0 0 5
290 0 0 0 5
291 15,11,7 25,8 0 5
292 0 0 0 5
293 0 0 0 5
294 0 0 0 5
295 0 0 0 5
296 0 0 0 5
297 0 0 0 5
298 0 0 0 5
299 0 0 0 5
300 0 0 0 5
301 4,2,24 10,12,8 0 6
302 10,14,17 25,12,4 0 6
303 0 0 0 6
304 0 0 0 6
305 0 0 0 6
306 0 0 0 6
307 0 0 0 6
308 0 0 0 6
309 0 0 0 6
310 0 0 0 6
311 0 0 0 6
312 0 0 0 6
313 0 0 1008100 6
314 0 0 0 6
315 25,14,7 17,17,12 0 6
316 0 0 0 6
317 0 0 0 6
318 0 0 0 6
319 0 0 0 6
320 0 0 0 6
321 2,8,19 23,3,3 0 6
322 21,2,15 16,6,16 0 6
323 11,22,2 5,15,15 0 6
324 22,11,4 6,23,8 0 6
325 0 0 0 6
326 0 0 0 6
327 9,16,7 6,19,7 0 6
328 0 0 0 6
329 0 0 0 6
330 0 0 0 6
331 0 0 0 6
332 0 0 0 6
333 0 0 0 6
334 7,17,2,3 14,15 0 6
335 2,7,10 11,3,5 0 6
336 0 0 0 6
337 0 0 0 6
338 0 0 525600 6
339 0 0 0 6
340 0 0 0 6
341 4,6,2,14 12,14 0 6
342 0 0 0 6
343 5,17,23 12,15,18 0 6
344 0 0 0 6
345 0 0 0 6
346 0 0 0 6
347 9,10,23 16,9,17 0 6
348 0 0 0 6
349 0 0 0 6
350 16,22,8 10,15,21 0 6
351 5,19,9 2,24,7 0 6
352 0 0 0 6
353 0 0 0 6
354 10,24,14 13,10,25 0 6
355 0 0 0 6
356 0 0 0 6
357 0 0 0 6
358 0 0 0 6
359 0 0 0 6
360 0 0 0 6
361 0 0 0 6
362 0 0 0 6
363 0 0 0 6
364 0 0 0 6
365 3,12,13 6,20,2 0 6
366 0 0 0 6
367 0 0 0 6
368 19,3,25 8,14,25 0 6
369 0 0 0 6
370 0 0 0 6
371 0 0 0 6
372 5,13,8 4,15,7 0 6
373 2,7,23 11,11,10 0 6
374 0 0 0 6
375 0 0 0 6
376 0 0 0 6
377 0 0 0 6
378 0 0 0 6
379 21,6,6,15 24,24 0 6
380 0 0 0 6
381 0 0 0 6
382 0 0 0 6
383 0 0 0 6
384 0 0 0 6
385 0 0 1029000 6
386 21,10,19 24,16,10 0 6
387 3,25,15 10,14,19 0 6
388 0 0 0 6
389 21,3,23 15,22,10 0 6
390 8,7,16 8,16,7 0 6
391 0 0 0 6
392 15,20,12 25,3,19 0 6
393 0 0 0 6
394 0 0 0 6
395 8,6,14,10 20,18 0 6
396 0 0 0 6
397 17,17 5,4,5,20 0 6
398 0 0 0 6
399 0 0 0 6
400 0 0 0 6
401 0 0 0 7
402 0 0 0 7
403 18,6,8,14 13,17,16 0 7
404 25,6,8,7 6,24,16 0 7
405 0 0 0 7
406 4,7,15 2,7,3,14 0 7
407 0 0 0 7
408 9,20,14,17 16,20,24 0 7
409 0 0 0 7
410 8,4,2,12 17,7,2 0 7
411 0 0 0 7
412 0 0 0 7
413 0 0 0 7
414 4,6,21,21 22,6,24 0 7
415 18,22,8 10,9,19,10 0 7
416 0 0 0 7
417 0 0 0 7
418 0 0 0 7
419 0 0 1021900 7
420 0 0 0 7
421 0 0 0 7
422 0 0 0 7
423 14,13,20 23,7,11,6 0 7
424 0 0 0 7
425 0 0 0 7
426 0 0 0 7
427 19,15,11 12,7,24,2 0 7
428 0 0 0 7
429 2,7,6,25 24,11,5 0 7
430 0 0 0 7
431 14,5,16 3,4,20,8 0 7
432 2,14,19,4 12,19,8 0 7
433 15,7,23,3 2,23,23 0 7
434 0 0 0 7
435 9,8,10,19 5,21,20 0 7
436 0 0 0 7
437 0 0 0 7
438 0 0 0 7
439 0 0 0 7
440 18,23,17 19,16,8,15 0 7
441 0 0 0 7
442 10,19,10,11 17,8,25 0 7
443 9,21,6,20 12,19,25 0 7
444 0 0 0 7
445 0 0 0 7
446 0 0 0 7
447 0 0 1012100 7
448 0 0 0 7
449 0 0 0 7
450 3,7,25,2,3 25,15 0 7
451 0 0 0 7
452 0 0 0 7
453 0 0 0 7
454 12,11,7,10 20,3,17 0 7
455 16,23,7 14,3,14,15 0 7
456 0 0 0 7
457 0 0 0 7
458 5,24,23 16,3,23,10 0 7
459 4,12,16,12 22,20,2 0 7
460 15,13,10,13 22,19,10 0 7
461 0 0 0 7
462 15,13,9,7 13,15,16 0 7
463 0 0 0 7
464 0 0 0 7
465 0 0 0 7
466 0 0 0 7
467 0 0 999700 7
468 0 0 0 7
469 0 0 0 7
470 0 0 0 7
471 0 0 0 7
472 0 0 0 7
473 0 0 0 7
474 0 0 0 7
475 0 0 0 7
476 23,5,11 12,13,7,7 0 7
477 0 0 0 7
478 24,18,21 23,13,7,20 0 7
479 0 0 0 7
480 3,3,11,6,7 11,19 0 7
481 23,17,9 23,2,20,4 0 7
482 6,23,2,12 18,5,20 0 7
483 0 0 0 7
484 0 0 0 7
485 16,18,13,7 21,18,15 0 7
486 0 0 0 7
487 21,3,14 2,5,10,21 0 7
488 0 0 0 7
489 0 0 0 7
490 6,13,5,14 12,9,17 0 7
491 0 0 0 7
492 0 0 999300 7
493 23,2,22 14,16,4,13 0 7
494 0 0 0 7
495 0 0 0 7
496 14,7,14 5,5,19,6 0 7
497 0 0 0 7
498 18,7,18,3 24,6,16 0 7
499 0 0 0 7
500 0 0 0 7
501 0 0 0 8
502 0 0 0 8
503 0 0 0 8
504 0 0 0 8
505 0 0 0 8
506 5,6,21,14 5,2,18,21 0 8
507 0 0 0 8
508 21,10,22,12 18,22,3,22 0 8
509 0 0 999500 8
510 0 0 0 8
511 3,8,16,14,7 4,23,21 0 8
512 0 0 0 8
513 0 0 0 8
514 0 0 0 8
515 3,21,17,18 15,11,11,22 0 8
516 0 0 0 8
517 6,18,3,12,20 13,21,25 0 8
518 9,6,7,14,18 21,19,14 0 8
519 0 0 0 8
520 0 0 0 8
521 19,5,4,9,21 22,11,25 0 8
522 23,3,25,6 13,22,19,3 0 8
523 18,25,25 18,19,12,2,17 0 8
524 5,7,19,18 14,15,13,7 0 8
525 0 0 1000000 8
526 0 0 0 8
527 20,19,3,11 6,21,23,3 0 8
528 7,24,10,12 3,24,23,3 0 8
529 0 0 0 8
530 8,9,19,8,9 22,22,9 0 8
531 11,19,8,11 16,7,8,18 0 8
532 6,15,4,14 3,22,9,5 0 8
533 0 0 0 8
534 17,4,19,18 7,8,19,24 0 8
535 0 0 0 8
536 18,6,4,18 12,23,3,8 0 8
537 0 0 0 8
538 0 0 0 8
539 0 0 0 8
540 14,14,14,14 17,21,13,5 0 8
541 0 0 0 8
542 16,21,19,3 12,15,24,8 1000000 8
543 0 0 0 8
544 24,5,24 13,17,4,9,10 0 8
545 0 0 0 8
546 12,21,9 3,2,13,2,22 0 8
547 0 0 0 8
548 0 0 0 8
549 2,2,25,23,8 21,15,24 0 8
550 0 0 0 8
551 0 0 0 8
552 0 0 0 8
553 23,9,14 9,6,2,4,25 0 8
554 15,24,13,12 17,25,3,19 0 8
555 24,9,12,15 22,17,19,2 0 8
556 9,6,14,11,25 21,22,22 0 8
557 0 0 0 8
558 14,15,18,4,9 23,23,14 0 8
559 0 0 0 8
560 6,21,14,11,4 21,23,12 0 8
561 0 0 0 8
562 0 0 0 8
563 0 0 0 8
564 0 0 0 8
565 11,12,2,18,9 25,5,22 0 8
566 0 0 1505500 8
567 0 0 0 8
568 0 0 0 8
569 4,10,22,20 9,21,9,17 0 8
570 2,24,5,10,6 11,17,19 0 8
571 14,22,18,3 4,23,9,21 0 8
572 0 0 0 8
573 0 0 0 8
574 0 0 0 8
575 6,25,24 7,12,12,16,8 0 8
576 24,25,15 14,10,17,20,3 0 8
577 0 0 0 8
578 22,8,18,11 24,19,14,2 0 8
579 0 0 0 8
580 0 0 0 8
581 6,20,17,23 11,12,22,21 0 8
582 0 0 1022600 8
583 9,20,20,4,4 21,21,15 0 8
584 21,14,16,9 24,13,7,16 0 8
585 11,9,3 5,2,9,4,3 0 8
586 4,23,25,13 19,24,13,9 0 8
587 0 0 0 8
588 0 0 0 8
589 0 0 0 8
590 0 0 0 8
591 19,25,4 8,20,6,10,4 0 8
592 7,19,19,25 24,8,23,15 0 8
593 14,13,5,8,10 16,20,14 0 8
594 9,20,20,10 15,18,7,19 0 8
595 0 0 0 8
596 0 0 0 8
597 6,17,21,14 9,16,16,17 0 8
598 17,19,10,10 11,21,7,17 0 8
599 0 0 0 8
600 0 0 999900 8
601 5,24,21,2,7 22,19,15,3 0 9
602 0 0 0 9
603 3,19,16,4,5,3 13,19,18 0 9
604 0 0 0 9
605 0 0 0 9
606 14,12,20,6 7,10,2,18,15 0 9
607 0 0 0 9
608 0 0 0 9
609 0 0 1492900 9
610 0 0 0 9
611 0 0 0 9
612 14,8,5,6,22 10,20,19,6 0 9
613 8,24,7,5,9 16,10,3,24 0 9
614 17,10,4,5,17 11,21,18,3 0 9
615 0 0 0 9
616 17,13,21,18 22,21,16,4,6 0 9
617 4,11,4,5,21,4 22,11,16 0 9
618 17,3,6,20,3,6 17,14,24 0 9
619 4,15,11,8,14 5,5,24,18 0 9
620 0 0 0 9
621 21,10,21,13 25,12,4,16,8 1449900 9
622 17,20,19,7 21,19,10,9,4 0 9
623 0 0 0 9
624 0 0 0 9
625 24,21,11,22 24,25,25,2,2 0 9
626 0 0 0 9
627 0 0 1019800 9
628 0 0 0 9
629 0 0 0 9
630 0 0 0 9
631 0 0 0 9
632 0 0 0 9
633 21,8,8,6,16 23,17,17,2 0 9
634 0 0 1472100 9
635 0 0 0 9
636 4,7,18,5,10,2 8,19,19 0 9
637 4,21,25,24 18,18,2,19,17 0 9
638 18,2,2,7,20,4 19,13,21 0 9
639 8,12,16,12,5 23,6,11,13 0 9
640 0 0 0 9
641 0 0 0 9
642 14,21,7,20 13,5,19,6,19 0 9
643 7,11,10,10,3,12 18,19,16 0 9
644 0 0 0 9
645 0 0 0 9
646 22,8,21,9,5 15,16,25,9 0 9
647 5,7,18,18,13 22,17,11,11 1327200 9
648 0 0 0 9
649 0 0 0 9
650 4,5,8,9,4,11 22,14,5 0 9
651 0 0 0 9
652 0 0 0 9
653 0 0 942700 9
654 25,2,7,24 6,2,21,23,6 0 9
655 9,3,20,12,7 6,11,23,11 0 9
656 0 0 0 9
657 0 0 508700 9
658 0 0 0 9
659 0 0 0 9
660 25,5,21,6 4,18,21,3,11 0 9
661 15,3,23,11,2,11 25,15,25 0 9
662 5,18,21,9,6 14,7,20,18 0 9
663 0 0 0 9
664 0 0 0 9
665 0 0 1022100 9
666 18,25,22,22 9,19,14,24,21 0 9
667 0 0 0 9
668 0 0 0 9
669 7,10,2,7,22 10,8,13,17 0 9
670 0 0 0 9
671 0 0 0 9
672 16,7,21,16 13,11,17,9,10 0 9
673 0 0 1153000 9
674 0 0 0 9
675 0 0 0 9
676 0 0 0 9
677 0 0 0 9
678 0 0 1062100 9
679 25,2,11,21 7,13,9,15,15 0 9
680 0 0 0 9
681 23,25,11,11,5 20,24,12,19 0 9
682 0 0 0 9
683 25,19,17,4 22,13,3,24,3 0 9
684 0 0 0 9
685 7,9,5,9,14,13 20,20,17 0 9
686 0 0 1089200 9
687 5,15,10,6 2,8,3,11,12 0 9
688 23,5,5,17,25 10,19,25,21 0 9
689 0 0 0 9
690 23,21,5,10,15 22,9,22,21 0 9
691 5,19,3,4,21 5,7,18,22 0 9
692 10,11,17,18,9 14,20,7,24 0 9
693 14,19,20,17,20 24,25,17,24 0 9
694 0 0 0 9
695 0 0 0 9
696 0 0 0 9
697 0 0 1110200 9
698 0 0 0 9
699 0 0 0 9
700 0 0 0 9
701 0 0 0 10
702 0 0 1046200 10
703 23,20,22,16 21,5,15,25,2,13 0 10
704 0 0 0 10
705 17,20,19,8,5 18,7,24,10,10 0 10
706 0 0 1185000 10
707 0 0 0 10
708 11,17,8,7,18,17 22,25,16,15 0 10
709 0 0 0 10
710 25,6,11,16,5 22,2,6,20,13 0 10
711 18,12,21,2,15 19,13,24,10,2 0 10
712 11,21,16,5,8 4,17,3,17,20 0 10
713 0 0 0 10
714 19,11,4,16,18 5,17,22,3,21 0 10
715 0 0 1577100 10
716 24,7,17,6,2 6,23,12,2,13 0 10
717 3,14,3,8,16,2 5,7,24,10 0 10
718 0 0 548400 10
719 9,13,8,2,23 24,10,2,9,10 0 10
720 0 0 0 10
721 0 0 0 10
722 19,23,9,10,18 21,20,4,25,9 1036300 10
723 23,21,2,19,10,5 23,20,17,20 0 10
724 22,6,19,19,3 25,20,4,11,9 0 10
725 8,15,8,23,23 15,25,7,15,15 0 10
726 0 0 0 10
727 25,25,14,5 25,7,3,2,21,11 0 10
728 0 0 0 10
729 0 0 1153400 10
730 10,6,2,18,7,15 22,25,6,5 0 10
731 17,19,7,7 13,3,6,2,6,20 0 10
732 0 0 0 10
733 15,5,22,13,4,3 7,24,15,16 0 10
734 0 0 1028700 10
735 0 0 0 10
736 7,14,15,4,10,3 13,7,12,21 0 10
737 0 0 1019800 10
738 18,3,17,4,22,10 19,24,15,16 0 10
739 0 0 0 10
740 0 0 0 10
741 0 0 1238500 10
742 19,11,11,21 13,12,21,10,2,4 0 10
743 25,11,25,7,4 6,23,22,18,3 0 10
744 12,15,10,4,10,2,15 21,23,24 0 10
745 0 0 0 10
746 0 0 0 10
747 16,20,22,12,20 22,16,21,12,19 0 10
748 13,5,18,19,20 16,22,9,21,7 1008200 10
749 5,25,10,21,16,20 24,24,24,25 0 10
750 19,17,13,2,13,11 12,23,21,19 0 10
751 22,4,12,4,13,13 15,5,24,24 0 10
752 0 0 0 10
753 16,13,8,3,13,3 20,13,2,21 0 10
754 0 0 0 10
755 0 0 1074300 10
756 13,9,23,9,22 9,17,24,17,9 0 10
757 0 0 0 10
758 22,18,11,9,13 17,23,5,7,21 0 10
759 0 0 0 10
760 17,3,10,8,4,16,7 22,18,25 0 10
761 7,3,2,2,25,21 20,6,13,21 0 10
762 6,5,15,14,18,23 24,20,22,15 0 10
763 10,15,22,6,11,11 23,12,20,20 0 10
764 0 0 1497600 10
765 0 0 0 10
766 0 0 986500 10
767 0 0 0 10
768 0 0 507100 10
769 2,5,12,13,13,8 9,14,19,11 0 10
770 0 0 0 10
771 24,18,10,3,8,4 10,25,17,15 0 10
772 0 0 1276000 10
773 0 0 0 10
774 7,19,17,19,16 22,12,17,22,5 0 10
775 23,10,8,9,13 4,17,18,19,5 0 10
776 0 0 0 10
777 3,5,9,15,3,12 6,17,4,20 0 10
778 5,12,17,4,4,13 4,14,20,17 0 10
779 13,8,23,23 3,15,17,6,24,2 0 10
780 0 0 1071400 10
781 0 0 0 10
782 0 0 1013600 10
783 0 0 0 10
784 0 0 0 10
785 2,22,17,2,4,13 10,15,18,17 0 10
786 18,7,7,15,6 10,9,20,3,11 0 10
787 11,23,24,15 13,9,18,5,19,9 0 10
788 14,21,10,23 3,15,3,22,13,12 0 10
789 2,9,2,20,2,7,20 17,23,22 1001200 10
790 0 0 0 10
791 0 0 0 10
792 0 0 1138400 10
793 0 0 0 10
794 14,4,16,10,6 8,11,17,4,10 0 10
795 0 0 1007600 10
796 17,21,18,19,19 20,22,23,22,7 0 10
797 0 0 0 10
798 0 0 999100 10
799 0 0 0 10
800 0 0 0 10
801 4,9,19,12,4,20,9 18,16,24,19 0 11
802 9,11,21,11,10,12 11,2,23,19,19 0 11
803 0 0 1129800 11
804 0 0 1012500 11
805 16,12,6,16,21,14 19,8,17,19,22 0 11
806 7,7,12,18,19,3 21,8,4,18,15 0 11
807 0 0 0 11
808 0 0 1418100 11
809 0 0 1045000 11
810 6,9,12,6,18,12,20 23,21,19,20 0 11
811 10,14,12,10,22,13 16,14,12,22,17 0 11
812 13,14,19,14,6,4 9,21,5,17,18 0 11
813 0 0 1033300 11
814 0 0 0 11
815 0 0 1020600 11
816 0 0 1018800 11
817 0 0 1018500 11
818 12,18,4,19,13 12,11,9,2,16,16 0 11
819 18,22,2,11,9,9 4,11,16,23,17 0 11
820 0 0 0 11
821 9,5,14,23,6 7,2,19,22,5,2 0 11
822 17,14,14,18,11,9 25,12,24,9,13 0 11
823 20,4,20,8,8,8 14,11,13,11,19 0 11
824 0 0 1025600 11
825 0 0 1053100 11
826 13,6,3,2,19,3,21 16,13,15,23 0 11
827 0 0 989700 11
828 0 0 508200 11
829 24,6,18,23,5,2 10,3,24,16,25 0 11
830 16,8,9,25,17 20,14,2,11,3,25 0 11
831 15,10,4,8,14,12 16,3,8,20,16 0 11
832 0 0 1433600 11
833 0 0 0 11
834 11,8,17,17,20 23,11,22,7,5,5 0 11
835 15,9,17,17,3,9,5 25,3,24,23 0 11
836 18,17,25,21,3 4,14,13,25,22,6 0 11
837 0 0 1064700 11
838 0 0 1021400 11
839 5,8,24,25,14,4,2 23,19,25,15 0 11
840 14,23,23,3,10 21,3,24,6,12,7 0 11
841 10,14,3,17,4,8,8 21,21,14,8 0 11
842 7,4,23,25,20 14,15,12,21,15,2 0 11
843 5,2,11,16,22,21,3 15,20,20,25 0 11
844 0 0 1034200 11
845 0 0 1012500 11
846 0 0 0 11
847 24,4,7,21,11,4 23,13,16,2,17 0 11
848 10,17,5,16,7,25 10,18,8,24,20 0 11
849 0 0 1066800 11
850 20,16,19,17,3 13,16,22,8,13,3 0 11
851 0 0 1064700 11
852 0 0 1042100 11
853 0 0 0 11
854 5,6,10,18,21,18 17,5,15,16,25 0 11
855 0 0 1508000 11
856 0 0 0 11
857 22,25,23,24,13 22,25,24,6,24,6 0 11
858 0 0 1190500 11
859 25,25,3,15,16 5,23,18,21,13,4 0 11
860 0 0 1013000 11
861 0 0 1021500 11
862 24,20,11,20,23,4 15,22,23,18,24 0 11
863 18,5,17,19,18 6,22,6,3,15,25 0 11
864 0 0 0 11
865 0 0 1292000 11
866 10,8,5,24,7,5 20,4,10,9,16 0 11
867 0 0 1022900 11
868 0 0 0 11
869 0 0 1038600 11
870 19,7,11,14,9,6 13,14,10,17,12 0 11
871 0 0 1014800 11
872 0 0 1057500 11
873 0 0 510500 11
874 0 0 1014100 11
875 25,23,10,4,17 14,13,6,22,18,6 0 11
876 7,12,2,4,3,15,21 9,24,13,18 0 11
877 0 0 0 11
878 11,6,18,8,9,25 2,17,10,24,24 0 11
879 0 0 1368100 11
880 0 0 1126600 11
881 8,17,14,22,15,4 5,21,13,24,17 0 11
882 0 0 1034300 11
883 0 0 0 11
884 2,22,11,6,14,15 22,14,10,20,4 0 11
885 0 0 1020700 11
886 0 0 1019000 11
887 0 0 1018500 11
888 3,23,8,16,3,4 11,10,3,25,8 0 11
889 0 0 0 11
890 22,7,9,12,13,9 24,23,13,4,8 0 11
891 0 0 1018700 11
892 19,7,16,23,8 2,20,5,15,15,16 0 11
893 2,11,25,10,3,9 13,20,16,5,6 0 11
894 5,21,13,18,16 22,15,9,14,4,9 0 11
895 18,8,20,2,5,19 22,11,18,12,9 0 11
896 0 0 1563500 11
897 0 0 1002900 11
898 19,6,13,17,10,2 15,6,19,7,20 0 11
899 9,13,19,22,5,5 25,8,8,9,23 0 11
900 17,24,13,12,10 14,15,18,2,12,15 0 11
901 25,14,5,15,19,7 6,4,18,17,23,17 0 12
902 24,17,8,12,7,17 23,14,2,20,15,11 0 12
903 5,13,22,25,14,12 8,10,24,22,14,13 0 12
904 0 0 1120700 12
905 0 0 2116500 12
906 0 0 2028200 12
907 4,16,15,16,12,14,8 18,10,22,18,17 0 12
908 0 0 1000400 12
909 13,16,20,9,16,16,13 12,23,23,21,24 0 12
910 15,2,16,5,2,16,9 7,2,13,21,22 0 12
911 0 0 1999400 12
912 24,14,2,13,13 6,17,22,9,4,4,4 0 12
913 0 0 1059500 12
914 0 0 1976300 12
915 10,14,10,6,6,19,9 24,3,24,5,18 0 12
916 0 0 1000000 12
917 6,11,20,12,12,11,12 15,3,25,23,18 999800 12
918 2,8,17,5,15,23 7,8,18,9,23,5 0 12
919 0 0 1000100 12
920 0 0 2000900 12
921 15,8,12,20,9,13,14 17,24,8,18,24 0 12
922 14,13,10,13,17,18,15 23,24,13,17,23 0 12
923 16,12,7,2,13,3,20,14 21,24,21,21 0 12
924 24,13,5,24,9,12 15,8,15,21,18,10 0 12
925 0 0 1001700 12
926 11,3,20,6,2,24,8 19,4,11,16,24 0 12
927 0 0 2683700 12
928 7,24,13,22,7,11 12,8,18,7,24,15 0 12
929 0 0 1341400 12
930 0 0 996900 12
931 3,5,8,8,10,15,7 15,2,13,13,13 0 12
932 22,25,21,7,12,7 17,17,13,3,25,19 1007400 12
933 25,25,14,10,21,2 17,14,19,16,13,18 0 12
934 0 0 999200 12
935 10,2,13,17,4,18,5,4 21,25,11,16 0 12
936 0 0 2001400 12
937 12,24,6,19,20,11,6 15,16,25,18,24 0 12
938 18,10,10,14,17,19 2,21,25,12,3,25 0 12
939 11,19,13,7,12,19,16 18,15,22,24,18 0 12
940 0 0 999000 12
941 0 0 1615900 12
942 0 0 1018400 12
943 0 0 2348200 12
944 21,21,4,15,22,8 25,24,16,9,10,7 0 12
945 5,11,19,16,5,3,3,25 18,25,23,21 0 12
946 7,8,4,24,14,17,24 20,25,23,16,14 0 12
947 7,7,6,9,25,4 7,25,2,14,3,7 0 12
948 0 0 1999000 12
949 9,13,19,9,9,6 11,19,7,7,5,16 0 12
950 11,20,5,7,10,19,4 2,16,14,22,22 0 12
951 10,15,25,4,25 4,3,7,23,24,8,10 0 12
952 25,23,14,7,6,12 15,13,18,14,14,13 0 12
953 0 0 1999900 12
954 7,22,20,8,16,9 12,14,17,23,2,14 0 12
955 0 0 1000300 12
956 11,8,18,20,14,7,17 12,16,25,25,17 0 12
957 0 0 1653400 12
958 15,14,2,11,4,8,24 19,18,14,21,6 0 12
959 10,5,8,12,22,20,6 9,22,14,15,23 0 12
960 0 0 1999300 12
961 0 0 2004400 12
962 0 0 1008400 12
963 7,2,9,24,10,9,21 25,11,11,12,23 0 12
964 0 0 1990400 12
965 0 0 999800 12
966 25,25,25,4,6,12 24,7,7,22,14,23 0 12
967 0 0 1999700 12
968 0 0 1002100 12
969 0 0 2003100 12
970 18,9,3,24,10,12,16 15,19,17,16,25 0 12
971 0 0 1001300 12
972 0 0 1999300 12
973 0 0 999200 12
974 3,8,17,7,5,17,2,16 21,17,18,19 0 12
975 16,5,13,13,12,19 15,7,2,19,24,11 0 12
976 18,14,22,2,12,7,3 18,14,11,12,23 0 12
977 2,22,20,11,8,19,3 21,25,16,18,5 0 12
978 0 0 1000400 12
979 15,3,15,21,20,15,6 8,23,24,21,19 0 12
980 0 0 2553700 12
981 7,14,7,9,20,2 21,3,8,3,6,18 0 12
982 0 0 1119900 12
983 7,5,3,4,5,2,22,12 23,20,8,9 0 12
984 0 0 2207300 12
985 22,9,13,16,20,20 14,21,13,9,18,25 0 12
986 0 0 1048600 12
987 6,17,2,5,7,25 20,17,4,11,3,7 0 12
988 0 0 2298000 12
989 0 0 1080700 12
990 12,5,18,11,23,4 23,7,25,5,9,4 0 12
991 16,6,11,16,11,20,2 25,6,16,22,13 0 12
992 0 0 1526000 12
993 24,12,15,11,9,7,6 16,13,23,8,24 0 12
994 23,20,11,10,3,4 10,14,3,21,2,21 0 12
995 9,10,16,23,18,6,3 23,22,10,24,6 0 12
996 0 0 2068700 12
997 0 0 1074700 12
998 0 0 2033700 12
999 0 0 1021800 12
1000 12,17,3,14,23,5 9,2,12,22,16,13 0 12
1001 0 0 3690500 13
1002 15,9,2,4,13,15,15 11,16,21,13,9,3 0 13
1003 0 0 2062600 13
1004 0 0 3469000 13
1005 4,24,22,19,14,2 12,12,3,19,22,14,3 0 13
1006 0 0 3365800 13
1007 0 0 3510200 13
1008 0 0 4295200 13
1009 0 0 3129500 13
1010 4,22,16,14,11,10 4,4,12,24,3,19,11 506900 13
1011 17,2,21,16,25,16,5 15,22,7,10,25,23 0 13
1012 0 0 3004200 13
1013 0 0 3000100 13
1014 0 0 1999900 13
1015 0 0 3593700 13
1016 16,8,18,13,7,7 2,10,3,14,19,7,14 1002300 13
1017 23,3,6,16,4,6,18 10,22,17,10,12,5 0 13
1018 5,2,25,7,2,4,6,6,12 21,25,15,8 0 13
1019 0 0 2378500 13
1020 0 0 3120700 13
1021 25,21,17,16,7,13 8,20,18,3,14,18,18 0 13
1022 0 0 3761600 13
1023 0 0 3479600 13
1024 0 0 3283600 13
1025 19,19,2,11,17,5 12,13,6,12,6,17,7 0 13
1026 0 0 2528100 13
1027 20,2,20,14,23,5,8 24,18,25,10,6,9 0 13
1028 9,11,7,17,11,8,7,11 23,12,2,19,25 0 13
1029 20,20,17,24,4,2,6 9,18,5,19,24,18 1062000 13
1030 21,14,22,24,23,4 23,17,21,10,11,2,24 0 13
1031 0 0 3062700 13
1032 7,3,15,5,2,24,2 19,7,9,18,3,2 0 13
1033 4,3,15,16,3,17,5,7 14,4,19,14,19 0 13
1034 13,20,7,21,10,9,8 7,17,13,19,16,16 0 13
1035 24,13,8,17,4,18,15 25,20,22,5,25,2 0 13
1036 18,5,25,12,4,6,24 13,19,18,4,18,22 0 13
1037 0 0 3093600 13
1038 18,13,17,14,9,2,10,9 17,18,21,23,13 0 13
1039 0 0 3465700 13
1040 2,6,5,24,3,7,4,4,2 9,14,11,23 0 13
1041 0 0 2999900 13
1042 22,20,20,17,13,4 24,16,23,9,9,13,2 0 13
1043 0 0 2999800 13
1044 0 0 3533600 13
1045 0 0 2406400 13
1046 0 0 3306100 13
1047 16,13,14,11,13,6,14,7 24,22,25,17,6 0 13
1048 0 0 3654200 13
1049 18,4,3,24,15,17,6 16,20,14,5,11,21 0 13
1050 0 0 3001700 13
1051 0 0 3000000 13
1052 0 0 2613900 13
1053 0 0 3005000 13
1054 17,6,11,18,4,21,11 19,22,24,12,7,4 0 13
1055 0 0 2999800 13
1056 0 0 3000300 13
1057 12,18,6,14,22,14,4,9 22,11,25,20,21 999800 13
1058 0 0 2510700 13
1059 13,13,6,19,2,18,11,15 25,16,23,13,20 0 13
1060 0 0 3000100 13
1061 0 0 3000200 13
1062 0 0 3532300 13
1063 25,15,11,16,5,5,16 12,15,15,12,20,19 0 13
1064 21,2,4,9,11,22,20 11,21,25,7,3,22 0 13
1065 0 0 3577600 13
1066 9,24,5,7,23,6,7,7 25,17,16,14,16 0 13
1067 9,9,8,17,11,8 14,19,3,6,9,3,8 0 13
1068 18,23,22,4,8,24,13 14,15,25,9,25,24 0 13
1069 0 0 3098500 13
1070 5,12,20,11,6,16,5,12 24,15,22,4,22 0 13
1071 0 0 3731600 13
1072 21,25,4,24,16,3,9 16,17,13,21,17,18 0 13
1073 17,2,18,21,23,8,14 25,2,15,25,25,11 0 13
1074 3,23,10,8,22,4,20 12,5,18,17,21,17 0 13
1075 0 0 3015000 13
1076 19,20,8,14,3,16,7 21,19,8,21,11,7 0 13
1077 0 0 2999700 13
1078 8,2,17,9,4,5,15,22 24,5,23,16,14 0 13
1079 4,4,13,15,23,9,16 23,24,9,20,3,5 0 13
1080 25,9,5,19,17,18,15 17,22,13,19,13,24 0 13
1081 25,13,23,10,13,2,10 24,14,14,24,16,4 0 13
1082 0 0 3901200 13
1083 7,24,22,3,9,11 18,7,9,6,17,3,16 0 13
1084 0 0 3139700 13
1085 0 0 3152300 13
1086 20,25,2,23,14,3 4,11,8,4,19,24,17 0 13
1087 0 0 3410900 13
1088 2,5,19,9,12,9,8,7 3,11,19,19,19 0 13
1089 24,20,5,12,14,6,4,2 23,20,8,13,23 0 13
1090 5,20,22,5,6,11,11,9 18,23,25,5,18 0 13
1091 0 0 3146400 13
1092 22,4,2,16,24,22,2 9,24,23,25,5,6 0 13
1093 13,25,12,3,13,20 4,25,9,8,2,13,25 0 13
1094 19,3,10,4,19,8,22 10,17,10,15,23,10 0 13
1095 15,22,9,14,10,2,7 25,23,6,13,8,4 0 13
1096 23,2,22,8,12,11 16,7,20,2,7,15,11 0 13
1097 0 0 3061400 13
1098 0 0 3173700 13
1099 0 0 3037900 13
1100 0 0 3296100 13
1101 0 0 5656500 14
1102 13,18,21,3,2,11,4,9 21,14,16,8,17,5 0 14
1103 0 0 5242800 14
1104 25,4,3,21,21,25,5 7,17,12,24,19,6,19 1510000 14
1105 14,12,23,15,2,18,8 18,10,20,4,9,6,25 0 14
1106 0 0 6124300 14
1107 25,15,14,4,7,8,4,14 11,13,21,20,8,18 0 14
1108 5,17,25,15,19,22 2,17,7,12,9,12,23,21 0 14
1109 0 0 5909800 14
1110 13,10,4,14,14,16,16 17,20,10,13,7,9,11 0 14
1111 5,19,5,21,6,6,9,14 22,4,25,18,12,4 0 14
1112 0 0 6412400 14
1113 0 0 6814500 14
1114 0 0 6625200 14
1115 24,11,17,18,23,2,8 24,17,7,15,20,7,13 0 14
1116 23,20,22,24,21,4,10 22,20,17,15,24,22,4 1095800 14
1117 0 0 5496800 14
1118 7,23,5,11,8,8,6,16,10 12,22,24,11,25 0 14
1119 8,2,18,16,15,12,8,11,4 17,22,17,18,20 0 14
1120 2,4,24,9,21,3,6,13,11 23,14,23,20,13 0 14
1121 7,15,17,7,7,20 2,2,15,13,10,20,9,2 0 14
1122 8,22,20,3,16,5,4,9 21,5,22,16,2,21 0 14
1123 0 0 7668900 14
1124 22,14,24,24,16,9 8,7,25,8,12,11,24,14 0 14
1125 6,21,25,8,23,10,23 22,21,18,18,6,9,22 0 14
1126 0 0 6639800 14
1127 21,5,20,20,12,18,11 22,15,22,24,4,5,15 0 14
1128 0 0 6262300 14
1129 0 0 5898400 14
1130 0 0 5613900 14
1131 2,6,19,7,15,21,11,2 5,25,10,13,12,18 1062200 14
1132 0 0 5941900 14
1133 0 0 7075200 14
1134 23,18,7,8,7,21,3 6,10,11,13,25,11,11 0 14
1135 0 0 5630300 14
1136 19,19,20,17,13,18 9,7,23,16,16,3,17,15 1002800 14
1137 3,13,2,6,14,17,7,24 21,8,5,8,23,21 0 14
1138 25,4,19,8,17,16,4 5,21,7,17,14,19,10 0 14
1139 17,17,11,15,21,7,6,14 21,21,12,10,19,25 0 14
1140 7,25,6,14,11,3,22 7,7,21,20,3,20,10 0 14
1141 7,4,7,11,11,13,18,5,5 21,11,13,14,22 0 14
1142 0 0 6010000 14
1143 3,8,6,7,24,7,13,24 17,23,8,18,13,13 0 14
1144 22,6,19,22,7,9,7 21,2,16,16,19,8,10 1037400 14
1145 25,21,18,2,7,4,14,2 20,6,20,21,21,5 0 14
1146 0 0 6539000 14
1147 0 0 5544400 14
1148 0 0 6036200 14
1149 0 0 6922400 14
1150 22,17,22,17,5,4,12 17,20,8,19,16,10,9 0 14
1151 0 0 4999100 14
1152 2,7,10,25,2,14,6,2 24,11,3,12,7,11 1537400 14
1153 16,23,18,19,4,8,17 12,13,13,16,14,12,25 0 14
1154 0 0 6383300 14
1155 25,14,20,11,16,17,17 24,3,16,25,20,10,22 0 14
1156 0 0 5996800 14
1157 0 0 6000400 14
1158 14,10,5,17,2,3,8,13,20 22,6,18,22,24 0 14
1159 24,23,22,4,16,5,5 12,22,6,21,9,19,10 0 14
1160 0 0 6920700 14
1161 10,7,20,2,5,20,2,9,4 8,24,21,14,12 0 14
1162 0 0 5717800 14
1163 0 0 6173700 14
1164 0 0 6614100 14
1165 18,24,23,6,3,12,7,3 25,15,14,17,6,19 0 14
1166 7,24,9,7,12,2,2,17 25,10,11,5,11,18 996800 14
1167 0 0 5535000 14
1168 0 0 6487700 14
1169 0 0 6636200 14
1170 0 0 4974800 14
1171 18,15,16,16,3,4,22 10,13,7,7,17,18,22 0 14
1172 17,20,17,23,21,2,13 25,7,7,24,23,24,3 1604100 14
1173 18,20,23,4,23,15 14,16,8,20,5,8,11,21 0 14
1174 0 0 6007500 14
1175 0 0 6508800 14
1176 13,25,24,19,9,23,5 22,21,13,18,6,21,17 0 14
1177 0 0 6000300 14
1178 20,13,9,16,11,18,10,19 23,16,11,23,25,18 0 14
1179 9,23,24,10,12,3,23,7 24,20,6,20,19,22 0 14
1180 7,14,10,10,2,15,9,19 21,13,16,14,20,2 0 14
1181 18,6,16,4,10,10,3,12 6,23,23,2,12,13 0 14
1182 0 0 6767600 14
1183 0 0 7465100 14
1184 0 0 6000000 14
1185 25,16,4,19,19,10,4,3 20,24,7,20,18,11 0 14
1186 0 0 6110300 14
1187 9,15,20,12,25,19,11,2 25,12,17,19,25,15 0 14
1188 23,12,21,16,12,8 7,11,10,23,4,11,19,7 0 14
1189 0 0 5931800 14
1190 0 0 5974800 14
1191 11,5,13,22,13,8,15,10 4,23,16,23,23,8 0 14
1192 8,15,24,8,23,8,17 10,16,3,20,20,13,21 0 14
1193 0 0 7092300 14
1194 3,14,8,7,3,6,17,5,5,4 14,14,21,23 0 14
1195 15,24,23,3,18,5,15 14,5,19,23,18,7,17 0 14
1196 8,23,17,24,13,3,3,7 14,16,20,15,23,10 0 14
1197 5,10,12,6,2,7,21,13 12,20,7,4,23,10 0 14
1198 0 0 6782800 14
1199 6,14,11,6,9,3,21 3,2,11,15,14,13,12 0 14
1200 0 0 7658700 14
1201 0 0 12479100 15
1202 0 0 12723200 15
1203 9,2,4,5,6,25,2,7,16,16 14,20,11,23,24 0 15
1204 5,16,2,22,12,2,12,2,8 12,12,14,21,20,2 0 15
1205 0 0 13603400 15
1206 0 0 12685100 15
1207 7,8,19,6,19,17,10 11,4,5,16,8,11,24,7 0 15
1208 0 0 13291700 15
1209 0 0 14193400 15
1210 0 0 12354900 15
1211 0 0 15181500 15
1212 0 0 13766500 15
1213 6,18,21,24,18,5,12,11 24,24,13,13,18,6,17 94700 15
1214 25,3,8,16,19,3,14 8,8,10,7,20,18,12,5 0 15
1215 0 0 12512600 15
1216 0 0 12555200 15
1217 12,21,11,3,9,2,14,21,8 7,20,25,19,16,14 0 15
1218 0 0 12509400 15
1219 11,9,13,24,2,13,4,11,2 20,6,25,25,4,9 0 15
1220 0 0 15013700 15
1221 0 0 12029900 15
1222 0 0 12678200 15
1223 17,23,8,18,3,21,18 12,19,9,8,20,22,15,3 0 15
1224 9,21,9,4,25,7,4,2 7,7,4,13,23,13,14 0 15
1225 8,9,2,6,21,15,15,14,10,10 21,22,19,24,24 0 15
1226 8,12,9,20,22,13,4,3,12 23,25,18,14,15,8 0 15
1227 16,14,17,8,15,9,14 15,6,16,7,13,6,21,9 999600 15
1228 12,3,20,15,25,23,7,6 17,23,17,8,11,12,23 0 15
1229 0 0 13089300 15
1230 0 0 14865900 15
1231 0 0 12214700 15
1232 21,10,17,15,19,15,8,12 22,25,19,11,6,15,19 0 15
1233 0 0 12563700 15
1234 0 0 12181300 15
1235 0 0 12915700 15
1236 12,6,20,20,7,8,4,4,2 21,21,6,9,22,4 1019800 15
1237 0 0 12580100 15
1238 0 0 11859000 15
1239 0 0 12829400 15
1240 0 0 13199500 15
1241 0 0 12220000 15
1242 19,15,17,14,2,20,2,6,14 12,19,23,22,19,14 0 15
1243 0 0 13038100 15
1244 0 0 13689900 15
1245 18,18,6,18,11,11,15,15,7 23,23,10,21,24,18 0 15
1246 24,17,14,5,17,19,12,2 24,17,23,21,9,9,7 0 15
1247 0 0 13181500 15
1248 0 0 12190000 15
1249 8,19,24,25,3,3,3,17 22,6,5,24,16,21,8 0 15
1250 20,19,9,14,10,20,9,4 7,16,10,7,23,20,22 0 15
1251 0 0 13467600 15
1252 10,2,7,2,20,3,15,15,18 12,23,7,22,9,19 0 15
1253 0 0 12240400 15
1254 0 0 12665400 15
1255 0 0 12090400 15
1256 11,23,8,7,2,4,8,10,2,10,5 18,24,23,25 0 15
1257 0 0 13076300 15
1258 9,24,17,8,24,5,9,5 14,11,11,11,16,20,18 0 15
1259 15,25,20,24,17,22,6 19,18,15,24,25,6,2,20 0 15
1260 0 0 12371200 15
1261 5,23,12,9,17,2,13,2 16,14,10,23,4,8,8 0 15
1262 11,20,12,5,15,11,11,5,6 24,19,8,13,19,13 0 15
1263 5,18,19,9,25,7,7,2 11,15,24,15,10,4,13 1317500 15
1264 2,9,4,21,7,19,5,6 20,4,19,11,5,3,11 0 15
1265 12,10,7,11,19,10,10,16,4 12,9,23,16,17,22 515400 15
1266 0 0 13046100 15
1267 0 0 12392000 15
1268 0 0 12118400 15
1269 23,2,22,15,21,15,24,10 15,25,11,21,21,14,25 1069500 15
1270 9,25,25,18,15,6,25,2 23,22,12,11,25,12,20 0 15
1271 0 0 12528300 15
1272 14,18,9,17,14,14,3,3 16,8,21,10,6,22,9 0 15
1273 0 0 13351200 15
1274 0 0 11990600 15
1275 23,5,2,2,2,18,5,12,22 5,15,24,21,19,7 0 15
1276 9,16,5,7,10,20,3,12 9,9,11,23,2,12,16 1081900 15
1277 25,22,4,6,16,5,4,4 16,15,10,14,9,15,7 0 15
1278 25,15,6,11,23,12,16,11 8,22,2,23,22,18,24 0 15
1279 24,5,15,6,24,17,10,3,10 23,20,23,13,16,19 0 15
1280 0 0 13400300 15
1281 15,6,2,11,19,14,8,9 12,10,10,21,17,11,3 0 15
1282 24,16,21,7,11,3,3,8,10 20,23,6,25,21,8 0 15
1283 0 0 12943200 15
1284 16,16,7,17,11,24,5 11,4,14,25,11,14,2,15 0 15
1285 0 0 12237400 15
1286 0 0 13004500 15
1287 0 0 12145100 15
1288 11,15,12,6,19,25,3,2 23,14,4,25,7,8,12 1001900 15
1289 22,5,9,8,22,14,23,11 17,19,10,10,13,25,20 0 15
1290 0 0 12025900 15
1291 7,2,5,9,19,17,7,4,6 14,15,9,17,4,17 0 15
1292 0 0 11672100 15
1293 0 0 12850200 15
1294 0 0 13251000 15
1295 15,5,24,17,25,5,8,3 9,14,25,18,5,13,18 1000200 15
1296 0 0 12620500 15
1297 24,20,5,12,3,21,5,10,15 22,22,11,23,21,16 0 15
1298 7,12,5,22,24,17,2,2 16,4,24,2,19,15,11 0 15
1299 0 0 13266500 15
1300 25,2,21,20,13,6,10,7 11,16,14,23,25,4,11 0 15
