Testcase_Number Left_Coin_Pile Right_Coin_Pile Computation_Time Number_of_Coins
100 0 3
200 0 3
300 0 3
400 0 3
500 0 3
600 0 3
700 0 3
800 0 3
9 16,8 24 0 3
1000 0 3
1100 0 3
1200 0 3
1300 0 3
1400 0 3
1500 0 3
1600 0 3
1700 0 3
1800 0 3
1900 0 3
20 17 14,3 0 3
2100 0 3
2200 0 3
2300 0 3
24 10,10 20 0 3
2500 0 3
2600 0 3
2700 0 3
2800 0 3
2900 0 3
3000 0 3
3100 0 3
3200 0 3
3300 0 3
3400 0 3
3500 0 3
3600 0 3
3700 0 3
38 25 22,3 0 3
3900 0 3
4000 0 3
4100 0 3
4200 0 3
4300 0 3
4400 0 3
4500 0 3
4600 0 3
4700 0 3
4800 0 3
4900 0 3
5000 0 3
5100 0 3
5200 0 3
5300 0 3
5400 0 3
5500 0 3
5600 0 3
5700 0 3
5800 0 3
5900 0 3
6000 0 3
6100 0 3
62 5,13 18 0 3
6300 0 3
6400 0 3
6500 0 3
6600 0 3
6700 0 3
6800 0 3
6900 0 3
7000 0 3
7100 0 3
7200 0 3
7300 0 3
7400 0 3
7500 0 3
7600 0 3
7700 0 3
7800 0 3
7900 0 3
8000 0 3
8100 0 3
8200 0 3
8300 0 3
8400 0 3
8500 0 3
8600 0 3
8700 0 3
8800 0 3
8900 0 3
9000 0 3
9100 0 3
9200 0 3
9300 0 3
9400 0 3
9500 0 3
9600 0 3
9700 0 3
9800 0 3
9900 0 3
10000 0 3
10100 0 4
10200 0 4
10300 0 4
10400 0 4
10500 0 4
10600 0 4
10700 0 4
10800 0 4
10900 0 4
11000 0 4
11100 0 4
11200 0 4
11300 0 4
114 15,11 14,12 0 4
11500 0 4
11600 0 4
11700 0 4
11800 0 4
11900 0 4
12000 0 4
12100 0 4
12200 0 4
12300 0 4
12400 0 4
12500 0 4
12600 0 4
12700 0 4
12800 0 4
12900 0 4
13000 0 4
13100 0 4
13200 0 4
133 19,25 22,22 0 4
13400 0 4
13500 0 4
13600 0 4
13700 0 4
13800 0 4
13900 0 4
14000 0 4
14100 0 4
14200 0 4
14300 0 4
14400 0 4
145 23,17 21,19 0 4
14600 0 4
14700 0 4
14800 0 4
14900 0 4
150 18,24 20,22 0 4
15100 0 4
15200 0 4
15300 0 4
15400 0 4
15500 0 4
15600 0 4
15700 0 4
15800 0 4
15900 0 4
16000 0 4
16100 0 4
16200 0 4
163 7,17 22,2 0 4
16400 0 4
16500 0 4
16600 0 4
16700 0 4
16800 0 4
16900 0 4
17000 0 4
17100 0 4
17200 0 4
17300 0 4
17400 0 4
17500 0 4
17600 0 4
17700 0 4
17800 0 4
17900 0 4
18000 0 4
18100 0 4
18200 0 4
18300 0 4
18400 0 4
18500 0 4
18600 0 4
18700 0 4
18800 0 4
18900 0 4
19000 0 4
191 5,19 17,7 0 4
19200 0 4
19300 0 4
19400 0 4
19500 0 4
19600 0 4
19700 0 4
19800 0 4
19900 0 4
20000 0 4
20100 0 5
20200 0 5
20300 0 5
20400 0 5
20500 0 5
20600 0 5
207 17,15 11,18,3 0 5
20800 0 5
20900 0 5
21000 0 5
211 14,10,5 6,23 0 5
21200 0 5
21300 0 5
214 11,8,20 17,22 0 5
21500 0 5
21600 0 5
21700 0 5
21800 0 5
21900 0 5
220 18,5,14 16,21 0 5
22100 0 5
22200 0 5
22300 0 5
22400 0 5
22500 0 5
22600 0 5
22700 0 5
22800 0 5
22900 0 5
23000 0 5
23100 0 5
23200 999000 5
233 2,19,7 4,24 0 5
23400 0 5
23500 0 5
23600 0 5
237 25,22 19,20,8 0 5
23800 0 5
23900 0 5
24000 0 5
24100 0 5
24200 0 5
24300 0 5
24400 0 5
245 18,13 6,23,2 0 5
24600 0 5
24700 0 5
24800 0 5
24900 0 5
25000 0 5
25100 0 5
252 14,18,3 20,15 0 5
25300 0 5
254 8,12,25 24,21 0 5
25500 0 5
25600 0 5
25700 0 5
25800 0 5
25900 0 5
260 5,7,3 6,9 0 5
26100 0 5
26200 0 5
26300 0 5
26400 0 5
26500 0 5
26600 0 5
26700 0 5
26800 0 5
26900 0 5
27000 0 5
271 19,8,2 9,20 0 5
27200 0 5
27300 0 5
27400 0 5
27500 0 5
27600 0 5
27700 0 5
278 5,20,11 14,22 0 5
27900 0 5
28000 0 5
281 10,16 3,21,2 0 5
282 17,8,8 15,18 0 5
28300 0 5
28400 0 5
28500 0 5
28600 0 5
287 12,18 3,24,3 0 5
28800 0 5
28900 0 5
29000 0 5
29100 0 5
292 13,5,13 21,10 0 5
29300 0 5
29400 0 5
29500 0 5
29600 0 5
29700 0 5
298 3,22,20 21,24 0 5
29900 0 5
300 21,24 20,11,14 0 5
30100 0 6
302 12,23,7 16,14,12 0 6
30300 0 6
304 15,8,5,9 19,18 0 6
30500 0 6
306 12,9,24 23,14,8 0 6
30700 0 6
30800 0 6
30900 0 6
31000 999700 6
31100 0 6
31200 0 6
31300 0 6
314 9,5,14 22,4,2 0 6
31500 0 6
31600 0 6
31700 0 6
31800 0 6
31900 0 6
32000 0 6
32100 0 6
32200 0 6
32300 0 6
32400 0 6
32500 0 6
32600 0 6
32700 0 6
328 4,22,21 20,13,14 0 6
32900 0 6
33000 0 6
331 4,22,22 10,13,25 0 6
33200 0 6
33300 0 6
334 20,25 5,9,24,7 0 6
33500 0 6
33600 0 6
33700 0 6
338 8,25,15 4,19,25 0 6
33900 0 6
34000 0 6
34100 0 6
34200 0 6
34300 0 6
34400 0 6
345 22,11,13 16,20,10 0 6
34600 0 6
34700 0 6
34800 0 6
349 23,11,4 19,6,13 0 6
35000 0 6
35100 0 6
35200 0 6
35300 0 6
35400 0 6
355 6,11,4,20 22,19 0 6
35600 0 6
357 15,20,10 6,17,22 0 6
35800 0 6
359 23,9,6 13,17,8 0 6
36000 0 6
361 18,10,15 22,14,7 0 6
36200 0 6
363 2,7,6,24 22,17 0 6
36400 0 6
365 24,19 9,12,2,20 0 6
36600 0 6
367 10,4,18 6,19,7 0 6
36800 0 6
36900 0 6
37000 0 6
37100 0 6
372 5,18,5 4,15,9 0 6
37300 0 6
37400 0 6
375 5,23,16 11,14,19 0 6
37600 0 6
37700 0 6
37800 0 6
37900 0 6
38000 0 6
38100 0 6
38200 0 6
38300 0 6
38400 0 6
38500 0 6
38600 0 6
38700 0 6
388 14,17 7,3,9,12 0 6
389 22,17,10 14,24,11 0 6
390 4,5,3,11 14,9 0 6
39100 0 6
39200 0 6
39300 0 6
39400 0 6
39500 0 6
39600 0 6
39700 0 6
39800 0 6
399 19,9,3 9,17,5 0 6
40000 0 6
40100 0 7
402 18,24,8 4,21,23,2 0 7
403 11,23,9 4,13,18,8 0 7
40400 0 7
40500 0 7
40600 0 7
407 16,12,14,7 20,14,15 0 7
408 13,4,3,18 11,9,18 0 7
40900 0 7
410 19,18,21 11,23,6,18 0 7
41100 0 7
41200 0 7
41300 0 7
41400 0 7
415 24,9,7,9 15,13,21 0 7
41600 1038900 7
41700 0 7
41800 0 7
41900 0 7
42000 0 7
42100 0 7
42200 0 7
42300 0 7
42400 0 7
42500 0 7
42600 0 7
42700 0 7
428 19,9,12 14,6,9,11 0 7
429 25,17,9 8,16,25,2 0 7
43000 0 7
43100 0 7
43200 0 7
433 6,14,11,10 18,16,7 0 7
43400 0 7
435 13,25,20 14,16,14,14 0 7
436 4,21,8,13 17,21,8 0 7
437 18,4,3,21 11,23,12 0 7
43800 0 7
439 17,3,22 14,2,3,23 0 7
440 14,18,14 15,4,15,12 0 7
441 6,17,22,5 20,10,20 0 7
44200 0 7
44300 0 7
444 25,16,10 20,5,17,9 0 7
44500 1019400 7
44600 0 7
44700 0 7
44800 0 7
449 17,21,5,17 25,18,17 0 7
450 8,3,5,18 6,15,13 0 7
45100 0 7
45200 0 7
453 15,4,14,20 12,18,23 0 7
45400 0 7
45500 0 7
45600 0 7
457 7,11,3,25 15,22,9 0 7
458 21,25,9 8,13,16,18 0 7
45900 0 7
46000 0 7
46100 0 7
46200 0 7
46300 0 7
464 8,14,7,22 21,24,6 0 7
46500 0 7
466 13,14,6,16 4,23,22 0 7
46700 0 7
46800 0 7
46900 0 7
470 15,11,7,3 17,12,7 0 7
47100 0 7
472 17,19,8,10 24,11,19 0 7
473 13,16,19,20 21,22,25 0 7
47400 0 7
47500 0 7
47600 0 7
477 4,18,8 4,10,7,9 0 7
47800 0 7
479 9,2,24,6 4,19,18 0 7
48000 0 7
48100 0 7
48200 0 7
483 22,16,6,13 8,24,25 0 7
48400 0 7
48500 1063600 7
48600 0 7
48700 0 7
488 11,4,14,10 24,5,10 0 7
489 14,7,8,18 13,24,10 0 7
49000 0 7
491 19,16,10 6,16,7,16 0 7
49200 0 7
49300 0 7
49400 0 7
495 25,3,14 11,8,13,10 0 7
496 5,21,19 4,22,16,3 0 7
49700 0 7
49800 0 7
499 14,15,14 13,5,10,15 0 7
50000 0 7
50100 0 8
50200 0 8
503 14,23,12,3 14,13,3,22 0 8
504 12,12,16,13 8,18,25,2 0 8
50500 0 8
506 18,13,13,9 17,17,2,17 0 8
50700 0 8
508 19,17,20 14,13,24,3,2 0 8
50900 1093400 8
51000 0 8
51100 0 8
512 9,3,11,10,19 24,3,25 0 8
51300 0 8
51400 0 8
51500 0 8
51600 0 8
517 4,14,14,11 2,17,19,5 0 8
51800 0 8
51900 0 8
52000 0 8
521 23,4,7,23 2,22,14,19 0 8
52200 1050200 8
523 15,14,18 4,3,10,20,10 0 8
52400 0 8
52500 0 8
52600 0 8
52700 0 8
52800 0 8
52900 0 8
53000 0 8
531 8,18,9,18 15,15,13,10 0 8
53200 0 8
533 5,9,13,13,6 25,11,10 0 8
53400 0 8
535 7,11,21,25 10,12,19,23 0 8
53600 0 8
537 14,24,17,8 16,19,4,24 1034600 8
53800 0 8
53900 0 8
540 13,25,15,21 23,25,7,19 0 8
54100 0 8
542 22,2,8,5,11 18,13,17 0 8
543 7,22,15,22 20,20,20,6 0 8
54400 0 8
545 9,5,21,9 13,7,20,4 0 8
54600 0 8
54700 0 8
548 18,20,20 8,8,21,14,7 0 8
549 8,18,21,4 13,14,22,2 0 8
550 20,20,7,16 15,12,22,14 0 8
55100 0 8
55200 0 8
553 6,18,6,14,2 21,9,16 0 8
55400 0 8
555 10,5,9,19,2 16,25,4 0 8
55600 1086400 8
55700 0 8
55800 0 8
55900 0 8
560 17,18,7,6 19,7,18,4 0 8
56100 0 8
56200 0 8
563 24,5,17 21,8,3,5,9 0 8
56400 0 8
56500 0 8
56600 0 8
567 25,10,17,2 7,8,23,16 0 8
568 16,4,13,6,9 8,16,24 0 8
56900 0 8
57000 0 8
57100 0 8
57200 0 8
57300 0 8
574 13,21,22,19 18,8,24,25 0 8
575 16,15,3,9,3 14,9,23 0 8
57600 0 8
577 21,2,21,4 10,10,20,8 0 8
57800 0 8
579 3,21,9,11,4 22,10,16 0 8
580 3,6,18,8,20 24,6,25 1535400 8
581 10,22,19,12 3,21,19,20 0 8
58200 0 8
583 19,16,16,4 15,23,15,2 0 8
58400 0 8
585 10,3,4,2,10,6 20,15 0 8
586 16,15,2,18 14,2,20,15 0 8
58700 0 8
588 9,9,4,6,12 2,24,14 0 8
589 24,21,2,19 22,8,22,14 0 8
590 6,11,11,5,16 14,24,11 0 8
591 11,25,22,11 25,25,7,12 0 8
592 22,3,25,22 21,13,17,21 0 8
59300 0 8
594 2,20,13,12,3 7,24,19 0 8
595 16,9,17,13 20,8,20,7 0 8
59600 0 8
597 5,12,6,12 22,7,3,3 0 8
59800 0 8
599 8,9,25,13 10,5,24,16 0 8
60000 0 8
601 4,18,24,16,9 21,19,15,16 0 9
60200 1034300 9
60300 0 9
60400 0 9
605 11,2,21,5,21 3,25,12,20 0 9
606 14,25,21,23 9,21,25,7,21 0 9
607 24,12,12,19 17,17,10,6,17 0 9
60800 0 9
60900 0 9
61000 0 9
61100 1201900 9
61200 0 9
613 7,12,10,6,2,9 5,17,24 0 9
61400 0 9
61500 0 9
61600 0 9
617 20,4,10,22,12 8,16,19,25 0 9
618 24,5,21,7,8 19,12,23,11 0 9
619 13,12,16,21 4,14,10,21,13 0 9
620 16,22,13,3,4 11,17,17,13 0 9
62100 1072400 9
62200 0 9
623 7,8,22,4,9 11,11,12,16 0 9
62400 0 9
625 16,25,18 8,2,4,13,23,9 0 9
62600 0 9
627 8,20,2,9,3,5 10,20,17 0 9
62800 0 9
629 13,18,14,12,2 22,4,18,15 0 9
63000 1040400 9
63100 0 9
63200 0 9
633 13,24,8,23 20,20,6,14,8 0 9
63400 0 9
63500 0 9
636 23,3,16,13 6,8,6,19,16 0 9
637 12,16,11,8,20 25,2,17,23 0 9
638 17,2,16,17,15 19,16,24,8 1077100 9
63900 0 9
64000 0 9
64100 0 9
64200 0 9
643 5,19,10,25 18,5,23,9,4 0 9
644 24,9,4,5,17 9,18,12,20 0 9
64500 0 9
646 12,22,6,5,15 24,7,10,19 0 9
64700 1052300 9
648 6,10,24,3,22 23,5,13,24 0 9
64900 0 9
65000 0 9
65100 0 9
65200 0 9
65300 0 9
654 19,2,22,8,20 23,17,17,14 0 9
65500 1084900 9
65600 0 9
65700 0 9
65800 0 9
65900 0 9
66000 1032500 9
66100 0 9
662 7,19,3,21 8,20,12,7,3 0 9
663 18,19,15,15 19,19,5,6,18 0 9
664 9,8,12,19 4,10,12,2,20 0 9
665 22,5,15,2,2 14,21,5,6 0 9
666 7,3,17,18,17 13,23,15,11 0 9
667 16,14,2,24 15,13,12,2,14 0 9
66800 0 9
669 10,17,8,15,5 20,10,14,11 0 9
67000 0 9
671 11,20,20,19 8,5,16,16,25 0 9
672 3,11,18,15 7,12,4,19,5 0 9
673 8,9,13,21,3 5,14,23,12 0 9
674 25,23,12,12 19,8,15,23,7 0 9
675 3,18,18,15,3 14,14,9,20 0 9
676 10,24,6,17,14 11,17,21,22 0 9
67700 0 9
67800 0 9
67900 0 9
68000 1568600 9
68100 0 9
682 4,17,16,20 19,18,9,5,6 0 9
683 21,13,4,20,24 9,25,23,25 0 9
68400 0 9
68500 0 9
68600 0 9
68700 0 9
68800 0 9
68900 0 9
690 20,16,22,18,12 23,25,22,18 0 9
69100 0 9
692 24,13,24,12 23,10,17,9,14 0 9
69300 0 9
69400 0 9
695 17,10,15,4 10,14,7,3,12 1317300 9
696 2,8,13,25,5 7,2,22,22 0 9
697 18,7,3,4,13 22,8,4,11 0 9
698 4,16,7,2,5,9 6,12,25 0 9
69900 0 9
700 19,18,20,19 23,15,6,21,11 0 9
70100 0 10
70200 1027400 10
70300 0 10
704 15,14,19,2,4,3 23,7,4,23 0 10
705 4,10,17,13,6 9,9,23,2,7 0 10
70600 0 10
70700 1082700 10
708 23,21,7,6,3,11 15,9,25,22 0 10
70900 0 10
710 6,20,7,2,8,5 21,4,10,13 0 10
711 20,24,14,6,4 17,5,17,5,24 0 10
71200 0 10
713 18,10,20,14,10 20,3,8,19,22 0 10
71400 1021300 10
715 25,14,23,21,2 17,20,14,14,20 0 10
71600 998900 10
71700 0 10
718 19,15,3,18,6,6 13,25,8,21 0 10
719 14,8,12,25,18 23,9,10,23,12 0 10
72000 0 10
721 10,21,9,5,7,2 13,19,9,13 0 10
722 10,2,13,8,25,2 8,7,22,23 0 10
72300 0 10
72400 1505700 10
72500 0 10
726 24,21,7,9,17 15,23,16,16,8 0 10
72700 0 10
728 23,12,3,8,18 24,25,3,8,4 1015000 10
729 21,9,10,15,19 20,13,17,21,3 0 10
730 12,17,14,12,17,5 19,20,19,19 0 10
731 24,19,23,11,6 23,10,25,2,23 0 10
73200 0 10
73300 0 10
734 16,3,25,9,9,2 16,13,22,13 0 10
73500 1000100 10
73600 0 10
73700 0 10
73800 1026100 10
73900 0 10
74000 0 10
74100 1012700 10
74200 0 10
743 4,9,3,12,18,22 14,15,15,24 0 10
744 12,19,6,2,4,7 12,25,5,8 0 10
745 14,17,23,10,11 18,13,6,19,19 0 10
746 17,10,2,4,12 3,2,21,8,11 0 10
747 4,6,25,14,14 9,13,10,20,11 0 10
748 9,23,9,3,8 19,24,2,5,2 0 10
74900 1035800 10
750 7,24,8,11,17 10,2,19,19,17 0 10
751 9,20,19,12,22 21,18,24,14,5 0 10
752 19,22,16 15,16,9,2,3,9,3 0 10
75300 0 10
754 11,9,22,5,6,15 17,17,22,12 0 10
755 21,22,24,6,15 20,19,18,18,13 0 10
756 9,15,5,10,20,6 21,22,2,20 0 10
75700 0 10
75800 0 10
759 9,23,3,4,21,2 25,6,24,7 0 10
760 6,16,11,6,11 10,9,16,11,4 0 10
76100 1013200 10
76200 0 10
763 4,22,23,7,21 9,25,18,2,23 0 10
76400 0 10
76500 1012900 10
766 13,12,5,22,5,13 14,22,20,14 0 10
767 16,10,25,18 11,21,12,9,12,4 0 10
768 7,13,21,23,9 7,22,24,7,13 0 10
769 11,6,7,21,20,20 22,24,25,14 0 10
770 5,15,3,2,13,2 20,10,4,6 0 10
77100 0 10
77200 1027300 10
773 19,11,20,4,21 12,24,7,17,15 0 10
77400 0 10
77500 936400 10
77600 0 10
777 24,16,17,11,16 24,23,7,14,16 0 10
778 22,16,23,10,7 15,15,19,24,5 0 10
779 18,24,25,24,3 17,25,21,25,6 506000 10
780 21,23,10,20,3 14,10,17,21,15 0 10
78100 0 10
782 13,5,19,16,19 17,19,20,7,9 0 10
783 6,11,16,2,3,3,4 13,16,16 0 10
78400 0 10
78500 1002300 10
78600 0 10
787 21,21,22,5,13 24,17,15,18,8 0 10
78800 1000400 10
789 11,9,16,8,11 17,3,7,11,17 0 10
79000 0 10
791 4,4,4,14,3,8 16,4,5,12 0 10
792 3,20,21,6,14,6 16,21,13,20 0 10
793 6,18,22,3,8,11 13,16,18,21 0 10
794 20,14,18,3,8 5,14,24,17,3 0 10
79500 999600 10
796 19,18,8,11,5 23,8,12,2,16 0 10
79700 0 10
798 17,12,9,17,5,12 15,23,10,24 0 10
799 6,4,14,23,4 13,6,6,15,11 505400 10
80000 0 10
801 23,13,10,11,16,14 21,21,19,5,21 0 11
80200 1002000 11
80300 0 11
804 9,16,11,19,19,8 13,23,15,15,16 0 11
80500 1000000 11
806 4,4,5,25,21,7,20 19,21,25,21 0 11
80700 1000000 11
80800 1000000 11
809 23,17,5,13,11 23,4,12,7,5,18 0 11
81000 0 11
81100 1000000 11
81200 1000900 11
813 9,24,23,4,10,18 19,21,12,11,25 0 11
81400 542300 11
815 23,16,16,13,25,8 22,23,22,20,14 0 11
81600 1007400 11
81700 1003400 11
81800 0 11
819 8,2,9,21,17,7,8 13,21,21,17 0 11
82000 1029300 11
82100 1025300 11
82200 969100 11
823 9,16,20,17,8,11 21,20,20,4,16 0 11
82400 0 11
82500 1011000 11
826 25,4,20,12,4,2 19,6,16,22,4 0 11
827 8,24,22,5,24 4,8,14,8,24,25 0 11
828 14,11,11,7,9,3,20 11,19,22,23 0 11
82900 1002700 11
830 2,8,2,24,23,6,7 18,17,15,22 0 11
83100 962900 11
832 5,4,7,18,8,13,16 11,15,20,25 0 11
833 23,18,16,14,8,5 17,6,17,19,25 0 11
83400 0 11
835 22,22,16,18,2 23,20,4,12,3,18 0 11
83600 1506400 11
837 19,24,5,13,22 24,12,12,7,6,22 0 11
83800 1010600 11
839 16,12,3,25,13 18,11,12,13,8,7 0 11
840 25,5,3,10,11,20 15,24,10,23,2 0 11
84100 999900 11
842 23,9,6,23,15,12 25,18,16,23,6 0 11
84300 0 11
844 10,3,19,20,6,24 22,10,6,23,21 0 11
845 18,19,21,12,9,6 10,12,18,24,21 0 11
846 11,21,22,5,18 7,17,19,22,5,7 0 11
847 23,19,11,5,15,3 23,16,9,24,4 1001600 11
84800 0 11
84900 1000000 11
850 24,23,15,13 14,2,13,4,20,11,11 0 11
85100 1000000 11
852 13,18,17,4,18 17,9,10,4,14,16 0 11
853 23,4,2,24,18,18 20,20,5,23,21 0 11
854 7,21,5,22,6,15 11,18,23,22,2 0 11
855 15,9,8,16,10,7,20 23,16,23,23 0 11
85600 1000000 11
85700 0 11
858 8,16,5,10,6,20 4,13,13,25,10 0 11
85900 1000000 11
860 25,18,14,12,7 24,4,11,15,6,16 0 11
86100 1000000 11
86200 999900 11
863 3,8,25,10,12,11 13,24,4,3,25 0 11
86400 0 11
865 10,24,5,23,23 22,21,5,24,4,9 1023600 11
866 17,14,6,3,6,17,11 13,22,25,14 0 11
867 15,18,3,20,6,6,11 18,23,24,14 0 11
86800 512100 11
869 14,14,2,20,9,4,9 23,25,12,12 0 11
87000 1002900 11
871 23,4,2,24,5,18 9,13,11,24,19 0 11
872 24,24,8,6,14 8,18,7,19,19,5 0 11
87300 0 11
87400 1001700 11
87500 1000000 11
87600 1000200 11
877 3,11,24,21,24 17,19,16,2,20,9 0 11
87800 0 11
879 7,12,6,23,7,19 10,16,23,8,17 0 11
880 25,2,15,3,24,6,2 21,16,25,15 0 11
88100 999800 11
88200 999900 11
883 12,21,17,4,17,10 15,21,20,4,21 0 11
88400 1000100 11
885 17,2,8,12,19,22 15,6,21,19,19 0 11
88600 0 11
887 14,16,6,4,5,17 15,8,17,12,10 0 11
888 17,7,16,3,17,20 13,19,22,14,12 1000000 11
889 23,2,25,3,16,7 12,20,23,17,4 0 11
890 12,12,16,4,5,9 5,2,14,24,13 0 11
89100 0 11
892 18,3,11,23,10 17,4,21,11,9,3 0 11
893 25,17,20,18,5 14,22,19,18,7,5 0 11
894 2,15,23,5,5,19 8,25,9,23,4 0 11
89500 1531300 11
896 3,15,5,18,24,7,15 25,20,20,22 0 11
897 21,25,11,20,2,19 16,10,22,25,25 0 11
89800 1060400 11
899 22,21,23,20,10,7 24,15,24,23,17 0 11
900 25,11,2,14,12 11,6,8,22,12,5 0 11
90100 1003600 12
90200 1999200 12
90300 1185600 12
90400 1125200 12
90500 1086600 12
906 5,15,2,16,24,2,16 19,25,17,15,4 0 12
90700 2604900 12
90800 1037700 12
90900 1030200 12
91000 2329000 12
911 11,14,25,22,4,11 25,9,23,4,18,8 0 12
912 7,12,15,15,9,6,11 14,8,18,11,24 0 12
91300 1068400 12
91400 1046100 12
91500 2016800 12
91600 1505800 12
917 8,21,6,12,7,11,22 15,13,20,20,19 0 12
918 6,8,18,12,5,2,12 24,6,4,21,8 0 12
919 12,3,19,17,3,20 12,9,12,4,20,17 0 12
92000 1002400 12
92100 2001800 12
922 11,18,12,19,3,10 20,18,11,17,3,4 0 12
923 22,21,10,7,6,12,16 22,18,17,24,13 0 12
92400 1000000 12
92500 1000000 12
92600 1132300 12
92700 1072400 12
928 18,7,3,5,21,21,20 23,22,24,23,3 0 12
92900 2602900 12
930 21,3,20,4,13,4,9 8,15,23,16,12 0 12
931 4,19,13,15,18,4 25,5,10,16,9,8 0 12
932 3,25,24,8,17,5 16,11,17,7,16,15 0 12
93300 1105600 12
93400 2134300 12
93500 1065300 12
936 11,22,6,23,21,3 16,8,4,22,21,15 0 12
93700 1026700 12
93800 2137800 12
939 24,5,20,12,2,23 3,6,24,15,15,23 0 12
94000 1609400 12
941 18,25,23,18,3,3 13,17,14,4,18,24 0 12
94200 1005100 12
94300 2110100 12
94400 1032200 12
945 5,25,14,25,4 10,7,13,4,9,15,15 0 12
946 22,21,3,5,12,6,16 23,9,22,10,21 0 12
94700 2141400 12
94800 1025200 12
94900 1061900 12
95000 1655900 12
951 25,24,4,9,2,14,9 15,20,18,18,16 0 12
95200 2024600 12
95300 1048900 12
954 18,19,23,24,2,8 11,19,25,11,17,11 0 12
95500 1947000 12
956 15,10,12,14,20,7 21,2,4,25,24,2 0 12
957 14,6,18,10,6,8,4,9 25,23,19,8 0 12
958 21,2,21,2,12,4,7,2 22,25,14,10 0 12
95900 1005300 12
960 9,25,12,7,19,10,13 25,22,17,15,16 0 12
961 17,4,24,22,16,3,19 24,15,18,24,24 0 12
96200 2001100 12
96300 1712900 12
96400 1028100 12
965 10,22,16,12,3,19 25,18,22,10,5,2 0 12
966 18,17,22,9,22,4 24,12,23,11,3,19 0 12
96700 2043900 12
96800 518000 12
96900 2026600 12
970 20,4,12,15,7,20,6 19,24,4,18,19 0 12
97100 1011600 12
972 18,4,12,6,14,6,6 9,18,15,18,6 0 12
973 8,23,11,22,7,10 21,9,4,7,23,17 0 12
97400 1977600 12
97500 1596200 12
976 13,13,22,5,2,12,3 22,24,4,6,14 0 12
977 3,20,23,10,9,18 22,16,23,5,6,11 0 12
97800 1003900 12
979 4,8,16,4,18,20 8,22,17,5,8,10 0 12
98000 2207600 12
98100 999100 12
982 2,22,4,25,11,4,2 9,20,9,7,25 0 12
983 10,17,21,18,6 15,5,8,8,11,10,15 0 12
984 2,17,5,6,5,17,3,8 12,14,23,14 0 12
985 12,2,7,2,3,9,8,18 22,11,25,3 0 12
986 13,11,20,2,16,8 15,16,13,3,15,8 0 12
98700 2000100 12
988 6,14,11,17,3,22,7 23,15,4,16,22 0 12
989 3,4,7,24,18,20 19,20,7,20,2,8 0 12
99000 1999700 12
991 12,7,2,2,4,21,25 10,9,10,25,19 0 12
992 6,12,16,10,8,22 14,13,7,16,4,20 0 12
993 24,16,12,18,9,9 14,25,12,17,9,11 0 12
99400 1656800 12
99500 1004100 12
99600 1217900 12
997 13,6,8,12,6,6,10 20,11,10,7,13 0 12
99800 1918000 12
99900 1013400 12
100000 2002800 12
100100 3002700 13
1002 14,24,13,18,24,3 2,18,2,24,11,24,15 0 13
100300 2716200 13
100400 2980000 13
1005 22,7,5,13,12,24,8 5,18,11,24,21,12 0 13
100600 2977300 13
1007 8,23,5,25,22,7,18 17,17,21,16,21,16 0 13
100800 3509600 13
1009 8,2,2,20,16,12,12 11,15,4,23,15,4 0 13
1010 17,16,24,4,10,8,15 16,3,22,24,21,8 0 13
1011 2,14,9,24,17,6,3,3,4 25,25,16,16 0 13
101200 2999700 13
1013 19,14,24,3,12,3,13 21,19,4,22,14,8 0 13
101400 3000100 13
101500 3618000 13
101600 3002100 13
101700 2000000 13
101800 3023100 13
101900 3020600 13
102000 3039900 13
1021 24,10,9,5,4,4,3,9 10,5,19,25,9 0 13
1022 10,24,9,16,2,10,12 20,19,6,20,5,13 0 13
1023 7,11,7,25,3,20,16,14 25,22,15,20,21 0 13
102400 1998600 13
102500 3510200 13
102600 3000100 13
1027 12,12,7,24,12,9,6,5 14,24,12,15,22 0 13
102800 3000100 13
102900 2546700 13
103000 3026600 13
103100 2983700 13
1032 19,3,4,9,8,24,3 20,5,4,9,22,10 0 13
103300 3033600 13
103400 3488600 13
1035 5,3,11,18,15,16,4,10 5,23,23,16,15 0 13
103600 3155200 13
1037 16,12,24,7,10,9,2,3 11,25,19,21,7 0 13
103800 2143400 13
1039 14,8,11,3,2,18,16,2 7,24,8,17,18 1013900 13
1040 2,15,24,4,10,8,3,19 20,14,24,14,13 0 13
104100 2870200 13
104200 2538100 13
1043 8,2,20,17,8,7,9,9 20,20,16,3,21 0 13
1044 23,18,6,14,4,20,2,7 16,16,17,21,24 0 13
104500 2745800 13
104600 3526500 13
1047 25,4,4,20,7,2,7,13 24,18,18,12,10 0 13
1048 2,19,21,25,20,17 8,22,14,16,10,16,18 0 13
104900 3203400 13
1050 22,22,16,6,8,12,2 9,19,13,25,7,15 0 13
105100 3199500 13
105200 2560500 13
105300 3120200 13
105400 3000100 13
1055 6,22,13,24,12,7,10 19,19,19,21,13,3 0 13
1056 13,12,17,10,8,12,4,11 12,14,25,19,17 0 13
1057 8,4,12,11,19,6,17 18,8,2,10,16,23 0 13
1058 15,9,10,16,3,8,24 12,4,23,23,19,4 0 13
1059 22,8,3,4,25,19,7 17,3,18,14,18,18 0 13
106000 3505700 13
1061 5,7,19,5,7,6,13,4 5,20,2,24,15 0 13
1062 7,23,9,11,23,10,24 14,21,24,10,23,15 0 13
1063 13,5,5,19,20,7,3,9 17,11,12,18,23 0 13
1064 11,18,21,23,5,7,2 20,5,24,9,20,9 0 13
1065 13,13,15,12,2,20,20 13,15,14,17,18,18 0 13
106600 3028200 13
106700 3000200 13
106800 2999900 13
1069 18,23,22,14,3,12,10 12,19,18,25,22,6 0 13
1070 7,2,23,4,8,2,12,6,12 19,21,15,21 0 13
107100 2507600 13
107200 3001900 13
107300 3000000 13
107400 3522000 13
107500 2092600 13
107600 3198400 13
1077 8,22,20,16,3,15,9 2,21,21,12,17,20 0 13
1078 15,17,3,13,7,24,15 11,6,24,13,18,22 0 13
1079 20,19,17,9,4,8,6 19,12,4,23,15,10 0 13
108000 3529900 13
108100 3038500 13
108200 2999900 13
1083 18,15,16,25,2,18,12 24,15,24,25,11,7 0 13
1084 8,8,20,2,12,17,3,5 15,12,16,11,21 0 13
108500 2999800 13
108600 2507800 13
108700 3001600 13
108800 3000200 13
1089 2,22,23,7,17,3,17 8,25,22,2,23,11 0 13
1090 18,5,24,17,8,22 15,25,25,8,16,2,3 0 13
1091 6,5,17,9,13,13,21 18,9,9,22,24,2 999900 13
1092 11,18,9,14,4,4,11,18 9,15,25,19,21 0 13
1093 20,17,12,24,5,13,3 22,12,8,22,10,20 0 13
1094 17,9,18,13,13,8,12 20,17,12,7,17,17 0 13
1095 12,17,14,13,13,3,6,4 24,3,24,17,14 0 13
1096 5,18,15,10,15,19,25,4 22,21,23,23,22 0 13
109700 2615100 13
1098 20,13,6,13,15,17,5 10,18,23,14,8,16 0 13
1099 15,12,2,9,20,14,2 13,13,18,13,10,7 0 13
110000 3001800 13
1101 20,17,21,3,25,3,20 10,13,25,23,6,20,12 0 14
110200 5811800 14
1103 11,5,10,6,14,15,6,8 18,10,23,6,6,12 0 14
110400 5590100 14
110500 5808300 14
1106 3,12,12,15,15,22,16 25,18,17,4,11,11,9 0 14
1107 2,8,20,3,4,16,23,11,3 22,15,19,25,9 0 14
1108 17,10,4,22,11,8,9,6,11 24,25,17,18,14 0 14
110900 5864100 14
111000 6668000 14
1111 19,20,21,13,6,12 23,12,3,8,5,9,10,21 0 14
1112 10,15,3,13,10,11,13 3,17,11,13,9,5,17 0 14
111300 6507600 14
111400 6001600 14
111500 5583400 14
1116 2,25,5,8,4,19,25,7,5 22,23,22,19,14 0 14
111700 5376800 14
111800 7183700 14
1119 21,16,22,14,24,5,3 11,7,17,21,17,17,15 0 14
1120 12,19,10,18,25,7,6 9,19,24,13,10,7,15 0 14
1121 23,4,12,13,17,23,8,5,8 25,23,21,23,21 0 14
112200 5613000 14
112300 6326200 14
112400 5618800 14
112500 6787900 14
1126 25,4,16,22,7,4,17,7 21,15,19,15,8,24 0 14
1127 14,21,13,18,2,20 9,10,7,13,8,18,8,15 0 14
112800 6204000 14
112900 6502400 14
1130 22,13,8,25,21,9 21,24,18,9,8,5,4,9 0 14
1131 18,14,17,12,19,4,18 14,24,14,2,24,11,13 0 14
113200 5281400 14
1133 15,10,6,11,2,25,22,5 24,4,24,10,13,21 0 14
1134 11,4,20,9,7,7,12,15,9 11,20,25,20,18 0 14
113500 6035800 14
1136 19,2,17,5,6,22,4 20,18,6,3,2,16,10 0 14
113700 5941300 14
113800 6680400 14
113900 5794300 14
1140 16,5,9,12,4,14,11,23 22,3,19,18,10,22 0 14
114100 5550800 14
114200 5989400 14
1143 22,13,3,22,20,6,8,5 25,6,9,21,16,22 1002300 14
1144 17,2,9,8,22,5,3,4,5 19,22,8,3,23 0 14
1145 19,20,12,19,6,11,8 3,22,11,3,25,7,24 0 14
1146 4,7,19,20,8,21,18 19,3,14,20,25,8,8 0 14
114700 6023800 14
1148 19,11,13,8,13,20,25,13 22,22,19,22,22,15 0 14
1149 11,14,20,14,14,3,19,3 21,22,25,22,5,3 0 14
115000 6156100 14
115100 5689500 14
115200 5417400 14
115300 7969700 14
1154 14,11,15,8,20,24,5 3,6,16,17,19,24,12 0 14
115500 5506900 14
115600 6002000 14
1157 18,24,8,10,22,10,11 18,17,24,8,23,6,7 0 14
115800 5899900 14
115900 6303100 14
116000 5681500 14
1161 5,8,9,13,14,17,23,3 20,21,20,5,14,12 0 14
1162 14,4,15,12,13,14,25,4 20,19,12,5,21,24 0 14
1163 25,11,21,13,13,19,12 14,20,9,9,15,24,23 0 14
1164 14,12,6,18,5,9,5,10 9,12,25,16,8,9 0 14
1165 8,14,5,9,7,2,8,4,22 3,24,17,22,13 0 14
116600 5612400 14
116700 6177000 14
116800 5848500 14
1169 3,5,21,11,23,20,5,16 15,25,23,22,10,9 0 14
1170 12,15,10,3,11,12,21,11,5 25,24,24,11,16 0 14
117100 5143600 14
1172 17,4,10,9,10,5,13,17 10,23,6,19,9,18 1513300 14
1173 8,7,13,6,2,20,17,17,9 18,9,23,24,25 0 14
1174 7,2,22,19,13,3,4,10 11,22,7,2,21,17 190500 14
117500 5079400 14
117600 5846100 14
1177 14,10,4,7,5,17,13,25 9,9,25,10,17,25 0 14
1178 4,14,3,3,6,16,22,11 12,20,17,5,3,22 0 14
117900 6340200 14
1180 11,22,17,4,11,18,2,5 16,20,9,23,13,9 0 14
1181 5,10,5,18,10,17,21 13,21,14,14,2,13,9 0 14
1182 11,17,5,16,6,4,14,8 10,15,13,19,10,14 0 14
1183 14,23,4,10,12,8,14,7 9,23,14,9,22,15 1078800 14
118400 5902200 14
118500 5586500 14
1186 24,17,13,6,10,7,10 16,9,16,3,14,19,10 520500 14
118700 5142600 14
1188 4,2,24,2,4,18,2,13 19,9,9,8,11,13 0 14
1189 23,17,19,10,17,3,18 12,22,7,16,23,12,15 0 14
119000 5596200 14
119100 6540600 14
1192 12,5,13,9,16,14,7,3 24,7,7,12,6,23 0 14
119300 5995500 14
1194 19,9,10,2,22,14,14,15 22,20,19,10,17,17 0 14
119500 5987800 14
119600 6374300 14
119700 7104400 14
119800 5692900 14
1199 24,25,4,19,21,9 11,16,22,10,10,5,15,13 0 14
120000 5457300 14
1201 19,4,24,2,9,12,9,15,21 10,25,22,15,20,23 0 15
1202 22,12,9,10,22,8,11,20 18,19,21,8,20,8,20 1376100 15
120300 11076600 15
120400 12308600 15
1205 16,25,3,14,15,13,10,5 18,7,20,18,4,14,20 560900 15
1206 18,12,12,6,23,3,8 5,16,2,15,16,5,16,7 0 15
120700 11622000 15
1208 17,17,23,25,5,9,2,4 25,8,24,13,12,6,14 1000100 15
120900 11277900 15
121000 12955900 15
121100 11148100 15
1212 5,10,13,5,4,22,2,4,11 7,5,18,15,15,16 0 15
121300 12302000 15
121400 12363800 15
1215 19,19,19,16,9,17,9 11,15,21,10,19,4,5,23 0 15
1216 16,2,13,12,20,3,21,5 17,18,2,19,11,6,19 0 15
121700 12598000 15
121800 15294200 15
121900 11767100 15
122000 12149800 15
122100 11558200 15
122200 11724900 15
1223 21,6,20,11,14,20,19 24,9,7,17,18,9,16,11 0 15
1224 3,25,24,6,5,15,3 7,5,14,9,8,5,12,21 0 15
1225 13,10,25,21,3,2,10,8,8 7,23,5,19,21,25 0 15
122600 12598800 15
122700 12968900 15
122800 11947800 15
1229 9,23,16,11,5,3,21,2 22,12,7,17,13,15,4 0 15
123000 12646700 15
123100 12021500 15
123200 11647200 15
123300 12510200 15
123400 11577200 15
123500 11982500 15
123600 13147300 15
1237 19,9,23,19,18,5,18,9 22,11,23,17,19,18,10 0 15
1238 8,12,11,12,10,20,3,24,4 11,19,20,10,20,24 0 15
1239 7,6,3,14,11,17,18,7 4,13,12,20,15,15,4 0 15
124000 11594400 15
124100 12646800 15
124200 12442200 15
1243 15,22,23,12,21,16 17,15,7,11,25,4,17,6,7 0 15
124400 12449300 15
1245 18,15,8,4,15,13,14,8,10 15,17,17,24,20,12 0 15
124600 11622100 15
124700 12168100 15
1248 18,3,11,10,22,2,18,7 25,18,9,2,20,5,12 0 15
124900 11791600 15
1250 14,25,5,17,18,3,25 17,2,16,13,19,19,18,3 0 15
1251 11,20,9,17,14,14,2,7 25,10,13,6,15,15,10 0 15
1252 8,25,24,18,2,7,3,2 20,4,14,14,17,11,9 1014300 15
1253 16,13,8,6,21,9,24,25 11,17,13,15,19,24,23 0 15
1254 25,9,10,21,10,11,6,16 9,15,18,11,23,17,15 0 15
125500 11738900 15
1256 8,16,6,15,23,15 2,17,4,7,12,7,10,19,5 1022000 15
1257 24,16,2,15,25,4,7,11 25,5,21,5,23,7,18 0 15
1258 17,20,4,22,9,22,23 9,17,9,12,25,13,13,19 590200 15
1259 8,24,9,23,5,17,4,2,2 18,14,25,10,13,14 0 15
126000 11862200 15
126100 11539800 15
1262 5,21,15,14,3,11,4,10 8,15,12,11,8,19,10 1002500 15
1263 25,3,20,7,5,10,23,9,20 15,22,23,24,17,21 0 15
126400 11586900 15
126500 12579100 15
1266 12,6,13,19,23,6,13,4 21,7,25,7,5,18,13 0 15
1267 22,4,23,20,3,23,5,13 25,17,22,21,13,9,6 0 15
1268 19,14,9,2,10,5,4,10,4 2,9,22,13,11,20 0 15
1269 12,9,20,9,21,7,17,23 12,16,20,22,9,22,17 1023700 15
127000 12133600 15
1271 10,3,11,11,2,4,3,5,19 16,18,4,6,7,17 0 15
127200 12611800 15
127300 11164700 15
127400 12407700 15
1275 20,4,5,18,25,16,10,7,8 21,16,19,11,23,23 0 15
127600 12702900 15
1277 12,15,25,8,15,11,7,2,12 17,4,23,22,23,18 0 15
1278 7,13,25,15,19,2,2 8,17,7,12,17,9,2,11 999700 15
127900 12220500 15
1280 16,14,19,11,16,11,23,8 24,22,13,14,22,21,2 0 15
128100 11813100 15
128200 11706900 15
1283 17,2,25,18,19,21,11,8 24,22,14,9,21,20,11 0 15
1284 5,7,24,2,13,7,24,22,6 25,24,21,20,18,2 0 15
128500 12952200 15
1286 21,23,13,24,23,7,11 15,14,21,18,15,6,9,24 0 15
128700 12369300 15
128800 12176500 15
1289 15,3,3,9,23,4,21,11,5 18,15,20,18,12,11 0 15
1290 17,13,13,2,8,24,15,11 4,5,17,19,25,13,20 0 15
129100 12043000 15
1292 24,12,6,11,19,17,9,8 15,24,9,3,25,6,24 0 15
129300 12616700 15
1294 16,22,20,22,14,6,5 22,12,15,8,5,8,16,19 1002600 15
1295 6,14,9,19,22,4,8,4,8,5 22,21,19,13,24 0 15
1296 7,13,15,14,12,12,8,2,10 24,21,25,11,9,3 0 15
129700 12101100 15
129800 12154000 15
1299 15,6,2,24,17,8,17,6,13 16,17,17,19,18,21 0 15
1300 10,6,3,7,13,14,11,25 8,21,14,4,14,5,23 0 15
